2.387487
1.494786
1.365895
1.302017
1.253189
1.226297
1.209495
1.186461
1.170048
1.168031
1.156126
1.150499
1.144621
1.139859
1.133524
1.141861
1.121525
1.120957
1.131703
1.116063
1.120207
1.118173
1.109663
1.113948
1.108242
1.105144
1.110336
1.107426
1.102066
1.094685
1.094986
1.095622
1.098985
1.088360
1.093751
1.092280
1.093145
1.097702
1.083205
1.084298
1.085560
1.093370
1.080354
1.089350
1.087996
1.085577
1.079928
1.083971
1.081984
1.080711
1.077135
1.082630
1.075029
1.078012
1.076874
1.073977
1.078138
1.077652
1.081367
1.069913
Test performance: 0 / 5
Average trainig loss: 0.008576
Average eval loss: 0.017604