31.387665
22.446367
20.842978
20.254173
19.696808
19.415613
19.302437
19.067614
18.886604
18.815046
18.729919
18.708006
18.597456
18.538792
18.461536
18.610842
18.327095
18.334230
18.483538
18.291069
18.326775
18.249556
18.173903
18.309814
18.168371
18.114168
18.202501
18.212299
18.145319
18.040457
18.015516
18.031630
18.038763
17.972775
18.011089
18.039267
18.000437
18.106453
17.860378
17.907936
17.907093
17.972712
17.824184
17.983879
17.969843
17.918182
17.877890
17.874676
17.898861
17.878887
17.807165
17.935389
17.783398
17.781984
17.785402
17.766167
17.894722
17.826620
17.854692
17.701632
Test performance: 0 / 5
Average trainig loss: 0.008634
Average eval loss: 0.018939