8.513120
5.740495
5.263133
5.081938
4.921150
4.836219
4.793850
4.720975
4.667849
4.649649
4.615027
4.607255
4.579405
4.565354
4.545343
4.574128
4.506234
4.515141
4.541975
4.489969
4.508586
4.497240
4.467288
4.487808
4.462378
4.450782
4.465223
4.471430
4.456031
4.428440
4.419017
4.422605
4.435153
4.405993
4.419512
4.423407
4.420051
4.439652
4.387645
4.390063
4.388502
4.411446
4.367084
4.414683
4.402977
4.391325
4.375131
4.390948
4.385179
4.371567
4.368348
4.380186
4.361944
4.361945
4.366260
4.351912
4.366486
4.363156
4.376787
4.340924
Test performance: 0 / 5
Average trainig loss: 0.008714
Average eval loss: 0.018069