0.719988
0.402571
0.359332
0.340649
0.325451
0.314817
0.309670
0.302360
0.297598
0.296343
0.292341
0.290688
0.288045
0.287053
0.285172
0.286878
0.281820
0.281023
0.283595
0.279727
0.280535
0.278885
0.277661
0.278291
0.277583
0.276310
0.277496
0.276688
0.275266
0.273502
0.273212
0.273602
0.275029
0.271826
0.273492
0.272810
0.272765
0.274265
0.270075
0.270067
0.270894
0.271719
0.268305
0.271215
0.270824
0.270371
0.269494
0.270009
0.269410
0.268967
0.268505
0.269373
0.268172
0.268071
0.267743
0.267420
0.268218
0.268424
0.268542
0.266095
Test performance: 0 / 5
Average trainig loss: 0.008578
Average eval loss: 0.019330