0.719988
0.402571
0.359332
0.340649
0.325451
0.314817
0.309670
0.302360
0.297598
0.296343
0.292341
0.290688
0.288045
0.287053
0.285172
0.286878
0.281820
0.281023
0.283595
0.279727
0.280535
0.278885
0.277661
0.278291
0.277583
0.276310
0.277496
0.276688
0.275266
0.273502
0.273212
0.273602
0.275029
0.271826
0.273492
0.272810
0.272765
0.274265
0.270075
0.270067
0.270894
0.271719
0.268305
0.271215
0.270824
0.270371
0.269494
0.270009
0.269410
0.268967
0.268505
0.269373
0.268172
0.268071
0.267743
0.267420
0.268218
0.268424
0.268542
0.266095
0.267393
0.266385
0.268707
0.266933
0.265955
0.266238
0.266091
0.266854
0.268121
0.265180
0.265847
0.265337
0.266413
0.264211
0.267078
0.266382
0.266158
0.264903
0.264597
0.264922
0.266479
0.264945
0.263296
0.264164
0.264092
0.264296
0.264511
0.265545
0.263206
0.263847
0.265027
0.263541
0.263765
0.263596
0.263317
0.262681
0.263014
0.263567
0.263584
0.264084
0.262976
0.263992
0.263584
0.262198
0.262108
0.262582
0.262710
0.263612
0.262704
0.262584
0.262044
0.262098
0.262587
0.261644
0.262054
0.261782
0.262148
0.261512
0.260818
0.261601
0.261381
0.260797
0.260565
0.262770
0.262114
0.261383
0.261880
0.260503
0.260059
0.261220
0.259552
0.261742
0.260632
0.259754
0.261195
0.262110
0.261129
0.260394
0.259171
0.260140
0.262189
0.262563
0.259544
0.260592
0.260316
0.259658
0.259496
0.260807
0.261020
0.259737
0.259676
0.259852
0.259473
0.261114
0.258970
0.261009
0.259988
0.260262
0.260868
0.260227
Test performance: 0 / 5
Average trainig loss: 0.008257
Average eval loss: 0.019762